
pmx[0] = 0.926369
pfx[0] = 0.0736306
-----------------
pmx[1] = 0.422912
pfx[1] = 0.577088
-----------------
pmx[2] = 0.803634
pfx[2] = 0.196366

-----------------
pmx[3] = 0.976549
pfx[3] = 0.0234515

-----------------
pmx[4] = 0.0624441
pfx[4] = 0.937556

-----------------

-----------UPDATED values ---------

pi1 = 0.638382
pi2 = 0.361618
new_m1 = 177.997
new_m2 = 165.838
new_v1 = 31.0214
new_v1_sqrt = 5.56969
new_v2 = 42.8823
new_v2_sqrt = 6.54846
